00E01
00001
06EE1
0000B
00701
00006
12170
00044
00701
00001
12701
00002
00701
000B0
12701
00013
00701
00048
12701
00014
00701
000FF
12701
00015
10301
00400
0F100
0001F
11201
00401
12000
00EE1
FFFFD
11AE1
00002
11FE1
00001
113E1
00000
00701
00001
0C137
0002E
00230
09100
00041
01331
00001
0F100
0001F
00A21
00000
103E1
00000
01331
00002
0F100
0001F
0022A
103E1
00000
10FE1
00001
10AE1
00002
00EE1
00003
09F00
12001
00009
06001
00001
04001
00001
12001
00009
00001
00001
12001
00012
12001
00013
01910
0016F
12901
00013
00901
00001
12901
00012
00001
00001
12001
00013
12001
00014
00001
00001
12001
00014
12001
00005
12000
